0.213055 0.525741 0.538934 0.696370 0.327724 0.234386 0.805277 0.747207 0.230819 0.133898 ,0.000000 
0.503558 0.587734 0.858331 0.634603 0.234184 0.108062 0.909849 0.061316 0.123532 0.512380 ,0.000000 
0.204661 0.927616 0.397231 0.139903 0.333144 0.794154 0.190897 0.619580 0.532468 0.422062 ,0.000000 
0.513549 0.771831 0.271473 0.409134 0.332121 0.040917 0.551670 0.310321 0.219618 0.246564 ,0.000000 
0.414001 0.451745 0.145768 0.004388 0.002088 0.155515 0.357307 0.575561 0.867597 0.976158 ,0.000000 
0.212840 0.901301 0.623019 0.551108 0.570206 0.657311 0.864656 0.537176 0.991948 0.144261 ,1.000000 
0.316476 0.169520 0.016449 0.927228 0.372303 0.553805 0.761417 0.245977 0.660122 0.515876 ,0.000000 
0.684664 0.596901 0.072501 0.354941 0.941459 0.123385 0.777043 0.967786 0.136493 0.336819 ,0.000000 
0.194138 0.256389 0.555870 0.163265 0.087275 0.514083 0.987003 0.871859 0.056401 0.207087 ,0.000000 
0.401318 0.859444 0.552102 0.428847 0.556509 0.507618 0.764683 0.849328 0.774001 0.246688 ,1.000000 
0.901474 0.487094 0.009701 0.484970 0.085590 0.898296 0.059476 0.888265 0.695629 0.836076 ,1.000000 
0.975151 0.146805 0.731142 0.467638 0.584068 0.616839 0.689399 0.999777 0.548333 0.532207 ,1.000000 
0.261282 0.697622 0.564180 0.009760 0.440661 0.059439 0.016835 0.126889 0.032266 0.066862 ,0.000000 
0.147105 0.389121 0.796820 0.231537 0.663936 0.565421 0.115817 0.629700 0.996224 0.705595 ,1.000000 
0.735003 0.775794 0.186733 0.934073 0.629218 0.865872 0.270365 0.214101 0.069897 0.626361 ,1.000000 
0.107739 0.252055 0.592037 0.040756 0.293899 0.489322 0.545861 0.519853 0.133679 0.083924 ,0.000000 
0.973210 0.736880 0.672970 0.971119 0.485565 0.174060 0.566566 0.514749 0.841466 0.135409 ,1.000000 
0.254641 0.180250 0.119024 0.137569 0.273340 0.195992 0.490317 0.253749 0.890735 0.644020 ,0.000000 
0.449709 0.964043 0.390576 0.305410 0.143123 0.289111 0.670655 0.737169 0.186820 0.800450 ,0.000000 
0.057253 0.271805 0.830765 0.092729 0.634857 0.195455 0.934862 0.019116 0.261006 0.217841 ,0.000000 
0.873808 0.291383 0.419493 0.483589 0.092588 0.392243 0.563716 0.503980 0.186731 0.242293 ,0.000000 
0.284185 0.332980 0.617245 0.325781 0.468373 0.325347 0.848936 0.871774 0.681713 0.697935 ,1.000000 
0.771665 0.341180 0.607935 0.138152 0.872883 0.643672 0.715111 0.010534 0.977312 0.704926 ,1.000000 
0.237430 0.551236 0.429578 0.308475 0.537366 0.704841 0.109587 0.688281 0.364048 0.881110 ,0.000000 
0.511708 0.854781 0.295228 0.517452 0.026430 0.821837 0.525395 0.055132 0.579726 0.862544 ,1.000000 
0.827633 0.328208 0.173254 0.805639 0.582902 0.935717 0.493923 0.763064 0.481460 0.249566 ,1.000000 
0.422430 0.184776 0.562362 0.332692 0.319834 0.368466 0.451426 0.333617 0.309951 0.992671 ,0.000000 
0.000987 0.889760 0.732411 0.798380 0.724849 0.473876 0.409950 0.376528 0.958712 0.346207 ,1.000000 
0.354807 0.106215 0.558789 0.534193 0.909467 0.518490 0.460156 0.744930 0.710701 0.047510 ,0.000000 
0.807013 0.162416 0.217970 0.993462 0.786540 0.601255 0.250473 0.175928 0.934563 0.300978 ,1.000000 
0.616930 0.200147 0.895773 0.513295 0.866285 0.054079 0.195744 0.168040 0.574977 0.426581 ,0.000000 
0.577247 0.941119 0.605269 0.085797 0.971170 0.850022 0.321053 0.813320 0.941451 0.182709 ,1.000000 
0.623698 0.607783 0.470180 0.402871 0.345796 0.473901 0.899524 0.723237 0.523530 0.240020 ,1.000000 
0.626779 0.252412 0.926041 0.906793 0.963119 0.717700 0.970318 0.640223 0.108305 0.214908 ,1.000000 
0.315799 0.938810 0.268399 0.410752 0.989563 0.848613 0.649672 0.919265 0.466728 0.116693 ,1.000000 
0.142886 0.641614 0.642869 0.922874 0.260197 0.434109 0.346600 0.254807 0.632349 0.637358 ,0.000000 
0.581486 0.899008 0.223436 0.981826 0.457709 0.219270 0.263213 0.615965 0.281331 0.481143 ,1.000000 
0.288206 0.243915 0.946326 0.003798 0.074384 0.278893 0.519055 0.406906 0.806895 0.694405 ,0.000000 
0.358436 0.726501 0.648139 0.118582 0.395584 0.099835 0.983162 0.154267 0.108289 0.739040 ,0.000000 
0.324573 0.909730 0.582016 0.844641 0.881042 0.229331 0.152626 0.329667 0.398243 0.883178 ,1.000000 
0.315577 0.450064 0.553715 0.695876 0.629078 0.729616 0.472299 0.091765 0.490900 0.547432 ,0.000000 
0.526888 0.584902 0.874456 0.650777 0.844913 0.774882 0.348138 0.136548 0.642298 0.838833 ,1.000000 
0.776428 0.047505 0.959691 0.443478 0.264808 0.697591 0.763109 0.805539 0.770934 0.817140 ,1.000000 
0.420124 0.738361 0.485855 0.580293 0.214808 0.184893 0.478541 0.965218 0.518140 0.979860 ,1.000000 
0.020876 0.992807 0.451862 0.612848 0.258209 0.220810 0.146159 0.945025 0.974821 0.539554 ,1.000000 
0.381215 0.701840 0.370927 0.293991 0.042129 0.718399 0.468364 0.312181 0.769162 0.226382 ,0.000000 
0.124486 0.901692 0.992884 0.119731 0.681018 0.692671 0.745308 0.804458 0.218966 0.044725 ,1.000000 
0.858797 0.339656 0.540177 0.155483 0.394096 0.434293 0.556971 0.287616 0.986109 0.855487 ,1.000000 
0.127461 0.893350 0.837397 0.584106 0.649289 0.629298 0.061909 0.404663 0.073195 0.154544 ,0.000000 
0.989186 0.228065 0.620014 0.930773 0.402962 0.196944 0.934164 0.929526 0.228594 0.250374 ,1.000000 
0.079851 0.762282 0.731599 0.412307 0.748224 0.185788 0.304908 0.315174 0.277899 0.363344 ,0.000000 
0.715191 0.057728 0.630493 0.759455 0.471490 0.289077 0.563098 0.925704 0.538838 0.186839 ,1.000000 
0.716989 0.645446 0.602038 0.758088 0.601068 0.619134 0.795109 0.381811 0.979470 0.410933 ,1.000000 
0.283915 0.422523 0.131881 0.836722 0.164382 0.299255 0.860905 0.892559 0.131568 0.576156 ,0.000000 
0.837745 0.010309 0.718889 0.111691 0.281723 0.501849 0.114563 0.328924 0.728292 0.939030 ,0.000000 
0.214665 0.031454 0.961566 0.503552 0.081633 0.186615 0.213946 0.877742 0.953829 0.722778 ,0.000000 
0.912617 0.070884 0.401183 0.513867 0.285683 0.092748 0.568833 0.767608 0.776252 0.759250 ,1.000000 
0.907814 0.361467 0.794100 0.314537 0.147992 0.396186 0.956094 0.440980 0.926864 0.983646 ,1.000000 
0.343944 0.589502 0.054603 0.973070 0.901901 0.217002 0.601946 0.323856 0.409141 0.217386 ,0.000000 
0.163819 0.536410 0.415936 0.079571 0.115723 0.886347 0.962652 0.392231 0.506134 0.674103 ,0.000000 
0.581413 0.804827 0.757613 0.448977 0.622159 0.463117 0.424790 0.651100 0.700045 0.355905 ,1.000000 
0.197919 0.219106 0.416884 0.575265 0.276487 0.855804 0.101755 0.492254 0.702758 0.893991 ,0.000000 
0.606463 0.572079 0.514181 0.009775 0.639866 0.720455 0.337042 0.751102 0.010880 0.958384 ,1.000000 
0.334247 0.934722 0.610246 0.725166 0.542682 0.094938 0.827287 0.804218 0.091587 0.907794 ,1.000000 
0.888944 0.135726 0.333372 0.013117 0.814081 0.386477 0.675093 0.701317 0.200054 0.412199 ,0.000000 
0.918824 0.659930 0.811334 0.722274 0.866481 0.136507 0.143146 0.079980 0.161636 0.343725 ,0.000000 
0.696907 0.294827 0.330441 0.811981 0.681152 0.798993 0.798108 0.120234 0.528048 0.070354 ,1.000000 
0.330353 0.507689 0.286551 0.508781 0.907434 0.551304 0.956416 0.230665 0.820773 0.691497 ,1.000000 
0.735413 0.769547 0.502294 0.135853 0.001585 0.737783 0.291619 0.959476 0.350749 0.685154 ,1.000000 
0.664514 0.442851 0.424852 0.019694 0.276896 0.031969 0.820415 0.850792 0.039195 0.568700 ,0.000000 
0.536280 0.355186 0.156397 0.305821 0.469311 0.341320 0.349403 0.922162 0.377221 0.172226 ,0.000000 
0.968009 0.038279 0.717008 0.753373 0.774728 0.251863 0.522211 0.393703 0.781311 0.456703 ,1.000000 
0.502293 0.765853 0.662624 0.090503 0.669627 0.053741 0.667332 0.499624 0.083282 0.642356 ,0.000000 
0.386744 0.427720 0.306294 0.087416 0.075084 0.908806 0.191145 0.482927 0.380367 0.363497 ,0.000000 
0.587164 0.622937 0.078491 0.757460 0.121705 0.435011 0.822856 0.121809 0.230198 0.531536 ,0.000000 
0.038465 0.773151 0.051706 0.694941 0.923686 0.065479 0.966137 0.984763 0.937955 0.576883 ,1.000000 
0.639273 0.048955 0.200589 0.103897 0.823091 0.249668 0.256845 0.087545 0.503568 0.780147 ,0.000000 
0.188321 0.344695 0.456276 0.871839 0.159676 0.959579 0.099117 0.945114 0.180460 0.763231 ,0.000000 
0.310001 0.959243 0.905260 0.481169 0.390214 0.045503 0.373515 0.927116 0.985364 0.528710 ,1.000000 
0.625667 0.718253 0.039795 0.318762 0.720238 0.325032 0.283168 0.761072 0.099374 0.676047 ,0.000000 
0.919201 0.779690 0.961777 0.036349 0.137638 0.891225 0.908087 0.985213 0.158137 0.422016 ,1.000000 
0.529629 0.086331 0.106410 0.700776 0.902089 0.690085 0.749007 0.636208 0.857036 0.236467 ,1.000000 
0.033866 0.363011 0.609898 0.924434 0.943367 0.008402 0.655583 0.928373 0.841817 0.032940 ,1.000000 
0.723247 0.449280 0.500771 0.926631 0.062641 0.790727 0.136425 0.317643 0.826355 0.524428 ,1.000000 
0.197329 0.512976 0.776662 0.572576 0.417190 0.504068 0.055443 0.806705 0.693014 0.962172 ,1.000000 
0.233253 0.177752 0.291282 0.567694 0.896718 0.800790 0.871102 0.990478 0.794910 0.671672 ,1.000000 
0.914874 0.187985 0.043373 0.445319 0.093124 0.107176 0.471752 0.879838 0.242733 0.356679 ,0.000000 
0.313895 0.683942 0.643335 0.192501 0.432490 0.655446 0.324529 0.074897 0.656921 0.382230 ,0.000000 
0.600226 0.376830 0.295863 0.225218 0.233361 0.498249 0.412809 0.457082 0.705133 0.847912 ,0.000000 
0.566925 0.064502 0.549602 0.670348 0.825200 0.006653 0.365593 0.241973 0.214546 0.840122 ,0.000000 
0.986304 0.301571 0.461277 0.263175 0.274795 0.754662 0.444992 0.678126 0.111703 0.399144 ,0.000000 
0.105556 0.390062 0.238277 0.968906 0.007696 0.566154 0.535981 0.167935 0.454447 0.158923 ,0.000000 
0.063410 0.443711 0.625923 0.392330 0.085086 0.724572 0.959450 0.122562 0.413779 0.620428 ,0.000000 
0.082602 0.817288 0.335919 0.616494 0.817303 0.807161 0.546360 0.018409 0.635060 0.626983 ,1.000000 
0.841173 0.804549 0.745053 0.375133 0.386812 0.209127 0.797452 0.213233 0.890447 0.421278 ,1.000000 
0.820271 0.025353 0.647155 0.940681 0.140944 0.748511 0.773190 0.545119 0.430825 0.861103 ,1.000000 
0.321054 0.322541 0.062538 0.242513 0.036402 0.183237 0.125990 0.975430 0.668314 0.996075 ,0.000000 
0.623689 0.294747 0.906558 0.029198 0.319868 0.457197 0.330831 0.522479 0.400294 0.156539 ,0.000000 
0.976345 0.328048 0.259584 0.396255 0.988867 0.578614 0.214247 0.182137 0.370016 0.499092 ,0.000000 
0.534496 0.287681 0.436894 0.713979 0.759162 0.597688 0.916108 0.204876 0.867502 0.592775 ,1.000000 
