-0.21379666923426507 -0.8553741481831685 -0.9102659243651601 0.18274252837782604 -0.7457210135480289 -0.9810442139149345 0.2602298942645189 0.3009589744419139 0.12928468822714415 0.1841880808042968 
0.3628336529022247 -0.4126351361755184 0.0025267645371189517 0.0925594819468454 0.18316873972183415 0.7698667038118304 -0.5434765605755124 0.7949406059502704 0.034499187663748196 0.4175114384276841 
0.860379987231424 0.3812521941719454 0.9322737829794867 -0.900358487686514 -0.6679330260163433 -0.35637013707438764 0.8012800180274215 0.9208169378419006 0.6563670026046533 0.09364651881692265 
0.3145186947927697 -0.7753249917633376 0.8025110202074309 0.7887021011292433 -0.614317203302493 0.6935730569604858 0.5158100621366644 -0.5208337149988526 -0.7951186793693313 0.05549168370356306 
0.3666585489858945 -0.8346806633048885 -0.6975805230671701 0.05858157847431618 
0.5805935536212754 -0.45951692085870044 0.8417884955518308 0.7992144673416035 
-0.855807526967309 0.592650209472396 -0.7047896382169818 0.9662720610517324 
-0.6987054927017851 -0.7453293659968716 0.7702012183414566 0.03482045012215491 
-0.8902158330879075 -0.24182069435095707 0.2869072549239553 -0.49367405114986546 
-0.7928171916064269 -0.3326605308512096 0.6727977685691928 0.6282871532641217 
0.8729113403144881 -0.9362881797022364 -0.47528084325029674 0.05581468195720622 
-0.3827435447504407 -0.3159508921813519 0.5469388293950772 -0.5968554905797359 
-0.9617919262172465 0.3531726844229226 
