0.550999495618077 -0.4110643577238683 0.7133764494068473 0.060046219884585424 -0.3187031339507415 0.7521545351416743 -0.4379795347839069 0.6301704832515345 0.8370974686313511 -0.6301655487339385 
0.05497525977988368 0.47120001557960733 0.3733262728539781 -0.8620233930531767 0.6613401057753681 0.2289499400230142 0.14459046331292832 0.3002233261979851 0.19269506357042104 -0.6705046601509463 
-0.27841168423492346 0.5245907685081529 0.8662901451322418 -0.3682075726193383 0.33055525559594545 -0.7947260637077511 0.7051027011594169 -0.21865361700693767 0.6119813873988396 -0.09710690278002256 
0.011561592383069232 0.07238898791891821 -0.3324772517680431 0.888522211810996 0.809271218280769 0.10533402454931381 0.08753421733068238 -0.2599902436498582 -0.8226326110305369 -0.759778743910952 
-0.655924765864741 -0.5121831006078192 -0.8675610385215641 -0.12529093054399504 
-0.743804896929754 -0.7061181012647206 0.12654208544495685 -0.8542052081935452 
-0.813336956921309 0.8162273068935804 -0.04710454026679929 -0.2655438284296942 
-0.13782900351008556 -0.881652846636931 0.11160347183625291 0.043451372913428446 
-0.8883169432991026 -0.33126434843654945 -0.8123527973373913 0.9209455543502324 
0.1507543577333763 -0.5620308665934958 0.6738940971842305 0.6949085772801602 
0.7935620485691565 -0.5225594480237272 -0.3399900731002327 -0.3196135049035254 
0.9308916427410729 -0.10664847781273856 -0.40552572070102716 0.19361887485610654 
-0.6346558031445064 -0.7184922939562152 
